%1~6)Exp Date 7)Probe Type 1=Standard. 0=Edge 8)Probe Spacing (um) 9)Probe Ref 10)Ref Depth
2011  7 12 16 49 36 1  50 11 1200
2011  7 12 20 11 34 1  50 11 1200
2011  8 11 19 13 30 1  50 11 1200
2011 10  9 18 55 46 1  50 11 1700
2011 10 11 16  7 22 1  50 11 1500
2011 10 31 16 29 11 1  50 11 1200
2011 12 21 15 32 32 1  50 11 1500
2011 12 30 17 14 53 1  50 11 1350
2012  1  2 15  7 12 1  50 11 1400
2012  1  5 14 13 13 1  50 11 1600
2012  1 10 15 10 23 1  50 11 1600
2012  1 16  7 35 11 1  50 11 1400
2012  1 16 10 21 31 1  50 11 1500
2012  2  3 11 53 40 1  50 11 1350
2012  2  3 12 58 15 1  50 11 1350
2012  2  6 13 34  7 1  50 11 1600
2012  2  6 14 38  0 1  50 11 1600
2012  5 31 16 48 55 1  50 11 1500
2012  5 31 18 20  3 1  50 11 1500
2012  6  5 14  0 28 1  50 11 1600
2012  6  5 15  6  0 1  50 11 1600
2012  6  5 16 44 19 1  50 11 1600
2012  6  5 18 56 58 1  50 11 1600
2012  6 15 14 26 52 0 100 11 1700
2012  6 15 16 36 53 0 100 11 1700
2012  6 17 15 17 41 0 100 11 1250
2012  6 17 16 23 24 0 100 11 1250
2012  6 18 14 27 47 0 100 11 1400
2012  6 18 15 32 12 0 100 11 1400
2012  7  2 17 21 10 0 100 11 1250
2012  7  2 18 34  1 0 100 11 1250
2012  7  2 19  1 20 0 100 11 1250
2012  7  2 20  5 34 0 100 11 1250
2012  7  4  6 28 18 0 100 11 1400
2012  7  4  7  2  2 0 100 11 1400
2012  7  4  8 14 35 0 100 11 1400
2012  7  4  9 17 55 0 100 11 1400
2012  7  4 10 32  7 0 100 11 1400
2012  7  4 10 53 51 0 100 11 1400
2012  7  4 11 58 19 0 100 11 1400
2012  7  4 14  6 32 0 100 11 1400
2012  7  6  3  4  5 0 100 11 1500
2012  7  6  4 12  0 0 100 11 1500
2012  7  6  5 17 12 0 100 11 1500
2012  7  6  6 21 37 0 100 11 1500
2012  7  6 11 40 24 0 100 11 1500
2012  7 13  7 38 20 1  50 11 1500
2012  7 13  8 43 16 1  50 11 1500
2012  7 13  9 46 21 1  50 11 1500
2012  7 13 11  0 33 1  50 11 1500
2012  7 16 19 23  7 1  50 11 1600
2012  7 16 20 32 40 1  50 11 1600
2012  7 18  5 51 44 1  50 11 1300
2012  7 18 12 53 38 1  50 11 1300
2012  7 20 13 36 37 0 100 11 1760
2012  7 20 14 46 25 0 100 11 1760
2012  7 20 15 52 12 0 100 11 1760
2012  7 22 14 44 12 0 100 11 1600
2012  7 22 15 56  5 0 100 11 1600
2012  7 22 17  4 39 0 100 11 1600
2012  7 23 15 54 11 0 100 11 1600
2012  7 23 17 16 45 0 100 11 1600
2012  7 23 22 39 37 0 100 11 1600
2012  7 24 12 58  5 0 100 11 1700
2012  7 24 14 27 17 0 100 11 1700
2012  7 24 15 40  8 0 100 11 1700
2012  7 26 13  3 23 0 100 11 1600
2012  7 26 14 52 17 0 100 11 1600
2012  7 26 16  3  8 0 100 11 1600
2012  7 31 14 28 21 0 100 11 1600
2012  7 31 15 31 19 0 100 11 1600
2012  7 31 16 34  3 0 100 11 1600